4 7 5 0.0 1.0 0.0 6.283185307179586
3.0 21.0 10.0 10.0
0.9975667515735085 0.0416650696811788 0.05589810482964996
-0.06546521847018383 0.835544375282825 0.5455088469529064
-0.023976682959392457 -0.5478408700541629 0.836238901135656
0 0 0
6
0 0 255
0.0 10.0 0.0
1.0 0.0 0.0
0.0 6.123233995736766E-17 -1.0
0.0 1.0 6.123233995736766E-17
11
0.7801418439716312 2.49645390070922
-0.5390070921985816 1.9432624113475176
-1.7872340425531914 1.1914893617021276
-2.269503546099291 -0.3971631205673759
-1.0638297872340425 -1.6312056737588652
0.7943262411347518 -2.141843971631206
2.595744680851064 -0.7801418439716312
2.49645390070922 0.6950354609929078
1.4893617021276595 1.673758865248227
-0.3546099290780142 1.9574468085106382
-2.6666666666666665 2.1560283687943262
0 0 255
0.0 0.0 0.0
1.0 0.0 0.0
0.0 1.0 0.0
0.0 0.0 1.0
16
-1.7666666666666666 -0.3
-1.6 0.5333333333333333
-1.6333333333333333 1.4333333333333333
-1.6666666666666667 2.566666666666667
-1.6666666666666667 3.533333333333333
-1.6 4.666666666666667
-1.3666666666666667 5.466666666666667
-0.6666666666666666 6.133333333333334
0.23333333333333334 6.266666666666667
1.0666666666666667 5.533333333333333
1.1 4.666666666666667
1.4 3.6666666666666665
1.2666666666666666 2.1333333333333333
1.2666666666666666 1.3333333333333333
1.3 0.5666666666666667
1.3333333333333333 -0.43333333333333335
0 0 255
0.0 4.0 -4.0
1.0 0.0 0.0
0.0 1.0 0.0
0.0 0.0 1.0
8
3.3333333333333335 0.5333333333333333
2.2666666666666666 0.5666666666666667
0.6 0.5666666666666667
-0.6666666666666666 0.6
-2.4 0.6666666666666666
-3.466666666666667 0.7666666666666667
-5.066666666666666 0.4666666666666667
-6.066666666666666 0.4
0 0 255
0.0 4.0 3.0
1.0 0.0 0.0
0.0 1.0 0.0
0.0 0.0 1.0
9
-3.533333333333333 0.8
-1.9333333333333333 0.8333333333333334
-0.3333333333333333 0.5666666666666667
1.3666666666666667 0.5666666666666667
2.433333333333333 0.5666666666666667
3.7 0.6
5.233333333333333 0.6
6.133333333333334 0.5666666666666667
6.833333333333333 -0.1
0 0 255
0.0 -7.0 2.0
1.0 0.0 0.0
0.0 0.5000000000000001 -0.8660254037844386
0.0 0.8660254037844386 0.5000000000000001
11
-3.8333333333333335 0.8333333333333334
-2.7333333333333334 0.8333333333333334
-0.9333333333333333 0.8333333333333334
0.4666666666666667 0.9333333333333333
1.3 0.9666666666666667
2.5 0.9
3.7 0.9333333333333333
5.0 0.9333333333333333
5.766666666666667 0.8
5.933333333333334 0.43333333333333335
5.866666666666666 0.0
0 0 255
0.0 -8.0 -2.5
1.0 0.0 0.0
0.0 -0.3420201433256687 -0.9396926207859084
0.0 0.9396926207859084 -0.3420201433256687
9
-4.966666666666667 0.8
-3.2333333333333334 0.8
-1.5666666666666667 0.7333333333333333
0.16666666666666666 0.7333333333333333
2.0 0.7333333333333333
3.466666666666667 0.7666666666666667
5.1 0.7666666666666667
5.8 0.8333333333333334
5.933333333333334 -0.03333333333333333
